195.6893659
188.7051326
231.1773437
242.7136139
223.3291419
194.0150672
182.8591767
197.2745165
151.9763134
164.3378671
121.0464597
150.5376347
119.9412573
162.2902668
130.2544443
167.9777378
169.7867217
164.9204498
51.18746468
184.1579923
109.4591509
112.7881642
177.5576238
103.8282184
199.4112199
200.4898259
126.1724093
270.6141883
218.2845811
233.1676147
187.656829
248.1876677
194.3746402
215.5420712
205.5207691
161.8940466
85.78023222
163.2556027
543.9783461
2157.479017
687.6743684
749.8942214
653.6432137
708.6875275
706.716744
880.8036842
817.9845616
846.2234735
884.2499579
911.6109205
733.1130182
547.3802445
603.3890263
333.5138627
4013.145136
889.9251711
1214.209012
263.9754614
200.3979003
3674.035312
1932.424086
187.4370502
208.9631281
243.9327392
229.7528574
225.3906603
160.018829
206.1632756
178.424538
193.4350088
241.161081
249.7231015
285.3489273
158.1599968
299.532196
230.8937465
258.3391422
503.6940211
158.9868103
161.2459461
120.855767
370.1035298
185.0990252
223.0347034
154.4001509
188.2145684
303.7317766
139.1979908
66.40885818
173.8335376
109.3240204
193.5598282
143.1720778
146.6575509
200.083344
162.5367336
145.7584356
252.9012484
358.6201029
330.7824336
308.1340036
385.4862598
300.5402703
414.1134772
422.3785395
442.2799294
415.7653672
311.1085607
342.7178708
253.5690467
395.2566468
232.0387831
395.1824573
290.6435357
291.3066797
336.7715329
200.5781618
242.9875877
187.2326232
161.9685553






























































































































































































