240.9181386
188.6521336
244.9730239
232.751972
192.0914844
249.9154346
222.9911917
170.2910179
334.8236376
218.0616905
243.8206065
245.8778206
303.8276828
281.0093384
191.5145282
142.1214483
158.4459977
182.0118249
146.2515031
167.3619341
308.3785232
257.6219318
251.4046028
169.0845035
127.4613265
209.1207594
135.9141823
141.5162443
243.9157942
255.4281477
208.9718812
223.0730633
214.5062491
219.3975574
325.406884
56.30798907
350.9269315
332.8527525
335.6054796
262.2420078
319.3458679
170.4196456
195.1519604
240.4978589
334.8914269
187.1547532
224.3590265
272.0960319
178.105669
207.4832468
287.6597848
128.7745159
197.3928949
163.4707684
338.9549451
230.1748665
98.40364235
188.965666
188.900765
254.1461354
249.1210807
294.3837307
320.2601014
214.7249927
397.4438555
279.333056
242.8452568
164.61348
232.7480481
305.8644985
160.3158452
254.6817899
315.1092511
159.0432943
272.2044075
202.9758674
144.9805582
141.5540318
189.4052136
241.6936173
183.2740907
158.0742386
173.1044325
173.3905994
201.2503912
126.3025748
184.0643499
257.6364883
180.0708558
192.8219392
163.5862242
204.4391116
196.3732695
271.9073036
181.2089222























































































































































































































